пар 20, точек сетки 10186; издержки: полные 0.21% на позицию за период / по обороту; фандинг включён

== УДЕРЖАНИЕ 7 дн — среднее по 7 дням перестановки, % на позицию за период
     окно  k    полные  по обороту   разброс дней (оборот)  периоды по обороту: bear | mid1 | mid2 | recent   в плюс
      3 д  2    +0.391      +0.424    -0.180 …   +1.004   -0.038 | +0.409 | +0.343 | +1.010   3 из 4
      3 д  3    +0.346      +0.389    -0.011 …   +0.762   -0.067 | +0.435 | +0.320 | +0.917   3 из 4
      3 д  4    +0.182      +0.237    -0.179 …   +0.586   -0.032 | +0.372 | +0.059 | +0.549   3 из 4
      3 д  5    +0.096      +0.161    -0.129 …   +0.481   -0.023 | +0.165 | -0.089 | +0.515   2 из 4
      7 д  2    +0.506      +0.538    +0.317 …   +0.876   -0.109 | +0.302 | +0.650 | +1.387   3 из 4
      7 д  3    +0.399      +0.444    +0.285 …   +0.712   +0.009 | +0.247 | +0.412 | +1.104   4 из 4
      7 д  4    +0.346      +0.401    +0.215 …   +0.537   +0.048 | +0.367 | +0.363 | +0.852   4 из 4
      7 д  5    +0.278      +0.342    +0.239 …   +0.469   +0.037 | +0.383 | +0.261 | +0.709   4 из 4
     14 д  2    +0.813      +0.891    +0.769 …   +1.047   -0.129 | +1.542 | +1.263 | +1.369   3 из 4
     14 д  3    +0.641      +0.733    +0.570 …   +0.894   +0.117 | +1.210 | +0.854 | +1.021   4 из 4
     14 д  4    +0.513      +0.616    +0.343 …   +0.878   +0.184 | +1.213 | +0.720 | +0.616   4 из 4
     14 д  5    +0.441      +0.551    +0.356 …   +0.765   +0.261 | +1.114 | +0.498 | +0.502   4 из 4
     21 д  2    +0.758      +0.855    +0.565 …   +0.988   +0.063 | +1.780 | +0.568 | +1.260   4 из 4
     21 д  3    +0.548      +0.659    +0.528 …   +0.753   +0.150 | +1.434 | +0.728 | +0.642   4 из 4
     21 д  4    +0.394      +0.514    +0.373 …   +0.718   -0.002 | +1.231 | +0.656 | +0.505   3 из 4
     21 д  5    +0.348      +0.475    +0.420 …   +0.532   -0.028 | +1.236 | +0.625 | +0.417   3 из 4
     30 д  2    +0.723      +0.837    +0.571 …   +1.211   +0.174 | +1.637 | +1.020 | +0.920   4 из 4
     30 д  3    +0.473      +0.598    +0.373 …   +0.817   +0.206 | +1.203 | +0.816 | +0.492   4 из 4
     30 д  4    +0.392      +0.526    +0.322 …   +0.696   +0.218 | +1.120 | +0.820 | +0.287   4 из 4
     30 д  5    +0.237      +0.378    +0.195 …   +0.532   +0.173 | +0.898 | +0.496 | +0.174   4 из 4
     45 д  2    +0.619      +0.746    +0.508 …   +0.971   -0.257 | +1.675 | +1.113 | +1.001   3 из 4
     45 д  3    +0.295      +0.432    +0.325 …   +0.521   -0.421 | +1.240 | +0.741 | +0.640   3 из 4
     45 д  4    +0.259      +0.406    +0.177 …   +0.594   -0.443 | +1.296 | +0.849 | +0.468   3 из 4
     45 д  5    +0.121      +0.274    +0.183 …   +0.405   -0.380 | +0.994 | +0.639 | +0.281   3 из 4
     60 д  2    +0.503      +0.643    +0.298 …   +0.824   -0.513 | +1.732 | +1.014 | +0.916   3 из 4
     60 д  3    +0.191      +0.337    +0.145 …   +0.635   -0.582 | +1.251 | +0.875 | +0.371   3 из 4
     60 д  4    +0.099      +0.252    +0.063 …   +0.407   -0.500 | +1.083 | +0.685 | +0.222   3 из 4
     60 д  5    +0.001      +0.159    -0.027 …   +0.285   -0.399 | +0.677 | +0.401 | +0.259   3 из 4
     90 д  2    +0.257      +0.409    +0.237 …   +0.530   -0.607 | +1.174 | +0.804 | +0.683   3 из 4
     90 д  3    +0.121      +0.279    +0.135 …   +0.469   -0.459 | +1.008 | +0.614 | +0.316   3 из 4
     90 д  4    -0.015      +0.147    -0.017 …   +0.271   -0.412 | +0.842 | +0.561 | -0.036   2 из 4
     90 д  5    -0.062      +0.105    -0.015 …   +0.217   -0.300 | +0.889 | +0.124 | -0.071   2 из 4

== УДЕРЖАНИЕ 14 дн — среднее по 14 дням перестановки, % на позицию за период
     окно  k    полные  по обороту   разброс дней (оборот)  периоды по обороту: bear | mid1 | mid2 | recent   в плюс
      3 д  2    +0.963      +0.998    -0.241 …   +2.331   -0.136 | +0.910 | +1.872 | +1.851   3 из 4
      3 д  3    +0.932      +0.977    +0.052 …   +1.893   -0.021 | +0.936 | +1.818 | +1.660   3 из 4
      3 д  4    +0.634      +0.691    -0.782 …   +1.393   +0.097 | +0.740 | +1.141 | +1.068   4 из 4
      3 д  5    +0.437      +0.505    -0.738 …   +1.071   +0.017 | +0.372 | +0.863 | +0.942   4 из 4
      7 д  2    +1.334      +1.368    +0.438 …   +2.406   -0.312 | +1.541 | +2.151 | +2.721   3 из 4
      7 д  3    +1.137      +1.183    +0.286 …   +2.412   +0.027 | +1.484 | +1.560 | +2.071   4 из 4
      7 д  4    +1.003      +1.061    +0.445 …   +1.905   +0.129 | +1.648 | +1.267 | +1.585   4 из 4
      7 д  5    +0.851      +0.919    +0.248 …   +1.741   +0.098 | +1.573 | +0.988 | +1.351   4 из 4
     14 д  2    +1.543      +1.578    +0.903 …   +2.583   -0.180 | +3.447 | +1.764 | +2.141   3 из 4
     14 д  3    +1.142      +1.189    +0.301 …   +1.820   -0.048 | +2.484 | +1.305 | +1.615   3 из 4
     14 д  4    +0.942      +1.000    -0.071 …   +1.710   +0.004 | +2.248 | +1.320 | +1.075   4 из 4
     14 д  5    +0.778      +0.846    -0.251 …   +1.602   +0.110 | +1.953 | +1.038 | +0.803   4 из 4
     21 д  2    +1.540      +1.600    +0.105 …   +3.122   +0.138 | +3.784 | +1.050 | +2.032   4 из 4
     21 д  3    +1.297      +1.372    +0.601 …   +2.237   +0.181 | +2.983 | +1.375 | +1.590   4 из 4
     21 д  4    +1.050      +1.135    +0.677 …   +1.790   +0.069 | +2.470 | +1.474 | +1.217   4 из 4
     21 д  5    +0.893      +0.988    +0.301 …   +1.524   +0.019 | +2.160 | +1.534 | +0.958   4 из 4
     30 д  2    +1.592      +1.673    +1.056 …   +2.272   +0.169 | +3.471 | +1.636 | +2.155   4 из 4
     30 д  3    +1.102      +1.195    +0.460 …   +1.764   -0.009 | +2.735 | +1.163 | +1.518   3 из 4
     30 д  4    +0.893      +0.996    +0.401 …   +1.404   -0.038 | +2.414 | +1.405 | +0.960   3 из 4
     30 д  5    +0.602      +0.714    +0.106 …   +1.114   +0.022 | +1.851 | +0.788 | +0.672   4 из 4
     45 д  2    +1.161      +1.259    +0.422 …   +2.263   -0.784 | +2.950 | +1.568 | +2.191   3 из 4
     45 д  3    +0.802      +0.912    +0.213 …   +1.885   -0.819 | +2.732 | +0.930 | +1.571   3 из 4
     45 д  4    +0.624      +0.744    +0.144 …   +1.417   -0.826 | +2.384 | +0.919 | +1.260   3 из 4
     45 д  5    +0.315      +0.442    -0.040 …   +0.980   -0.750 | +1.757 | +0.394 | +0.889   3 из 4
     60 д  2    +0.596      +0.710    -0.130 …   +1.551   -1.446 | +2.399 | +0.567 | +2.011   3 из 4
     60 д  3    +0.039      +0.161    -0.634 …   +0.930   -1.325 | +1.721 | -0.244 | +0.946   2 из 4
     60 д  4    +0.011      +0.141    -0.520 …   +0.647   -1.177 | +1.665 | -0.260 | +0.753   2 из 4
     60 д  5    -0.187      -0.052    -0.645 …   +0.455   -1.113 | +0.885 | -0.576 | +0.788   2 из 4
     90 д  2    +0.358      +0.492    -0.627 …   +1.040   -1.008 | +1.288 | +0.789 | +1.334   3 из 4
     90 д  3    +0.105      +0.242    -0.527 …   +0.708   -0.772 | +1.558 | -0.416 | +0.743   2 из 4
     90 д  4    +0.004      +0.146    -0.574 …   +0.481   -0.678 | +1.453 | -0.331 | +0.338   2 из 4
     90 д  5    -0.032      +0.116    -0.246 …   +0.516   -0.466 | +1.797 | -0.926 | +0.096   2 из 4

ЦЕНТРАЛЬНАЯ КЛЕТКА (30 дн, удержание 7 дн, k=3), по обороту, интервал по неделям:
   день 0: 205 недель, +0.775% [+0.219; +1.359], в плюс 55% недель
   день 1: 204 недель, +0.817% [+0.255; +1.414], в плюс 53% недель
   день 2: 204 недель, +0.713% [+0.075; +1.392], в плюс 50% недель
   день 3: 204 недель, +0.373% [-0.307; +1.105], в плюс 46% недель
   день 4: 203 недель, +0.413% [-0.291; +1.165], в плюс 47% недель
   день 5: 203 недель, +0.492% [-0.161; +1.184], в плюс 50% недель
   день 6: 204 недель, +0.602% [+0.024; +1.199], в плюс 51% недель
