   ('замер', 'mid2'): заявок 6698, ошибка восстановления входа медиана 0.00e+00, макс 3.33e-16
   ('замер', 'mid1'): заявок 6027, ошибка восстановления входа медиана 0.00e+00, макс 3.33e-16
   ('замер', '12m'): заявок 6694, ошибка восстановления входа медиана 0.00e+00, макс 2.22e-16
   ('замер', 'bear'): заявок 11612, ошибка восстановления входа медиана 0.00e+00, макс 4.44e-16
   ('другие', 'mid2'): заявок 6460, ошибка восстановления входа медиана 0.00e+00, макс 4.44e-16
   ('другие', 'mid1'): заявок 6216, ошибка восстановления входа медиана 0.00e+00, макс 2.22e-16
   ('другие', 'bear'): заявок 8052, ошибка восстановления входа медиана 0.00e+00, макс 4.44e-16
   ('другие', '12m'): заявок 10090, ошибка восстановления входа медиана 0.00e+00, макс 4.44e-16
   ('2021', 'y21'): заявок 11197, ошибка восстановления входа медиана 0.00e+00, макс 3.33e-16

СЕТКА: R на сделку (касание), обе стороны. Отбор = замер bear+mid1; проверка = 7 ячеек
глубина/стоп/цель             отбор         проверка  проверка насквозь  зам-bear зам-mid1 зам-mid2 зам-12m дру-bear дру-mid1 дру-mid2 дру-12m 202-y21
0.382/0.786/0.000  -0.090 ( 3518)  -0.064 (10983)  -0.082            -0.103 -0.064 -0.035 -0.085 -0.095 -0.033 -0.085 -0.054 -0.061
0.382/0.786/0.125  -0.082 ( 3731)  -0.050 (11617)  -0.067            -0.104 -0.039 -0.024 -0.067 -0.101 -0.022 -0.053 -0.049 -0.034
0.382/0.786/0.250  -0.087 ( 3761)  -0.044 (11704)  -0.063            -0.120 -0.022 -0.014 -0.077 -0.083 -0.011 -0.056 -0.069 -0.005
0.382/0.786/0.382  -0.081 ( 3718)  -0.039 (11513)  -0.061            -0.095 -0.054 -0.016 -0.089 -0.092 +0.004 -0.004 -0.051 -0.021
0.382/0.786/0.618  -0.097 ( 3530)  -0.037 (10968)  -0.057            -0.123 -0.046 +0.022 -0.084 -0.091 -0.019 -0.004 -0.076 -0.000
0.382/0.886/0.000  -0.079 ( 3797)  -0.053 (11626)  -0.068            -0.108 -0.023 -0.015 -0.049 -0.098 -0.032 -0.079 -0.044 -0.050
0.382/0.886/0.125  -0.056 ( 3959)  -0.034 (12142)  -0.052            -0.088 +0.003 -0.005 -0.036 -0.088 -0.019 -0.052 -0.032 -0.014
0.382/0.886/0.250  -0.063 ( 3952)  -0.024 (12200)  -0.039            -0.102 +0.010 -0.003 -0.017 -0.073 -0.000 -0.032 -0.050 +0.010
0.382/0.886/0.382  -0.053 ( 3926)  -0.013 (11953)  -0.029            -0.077 -0.008 +0.017 -0.022 -0.075 -0.005 +0.008 -0.030 +0.016
0.382/0.886/0.618  -0.064 ( 3710)  -0.014 (11309)  -0.029            -0.084 -0.027 +0.048 -0.024 -0.065 -0.016 +0.008 -0.068 +0.030
0.382/1.000/0.000  -0.054 ( 3588)  -0.046 (11123)  -0.059            -0.083 -0.000 -0.030 -0.052 -0.076 -0.036 -0.043 -0.043 -0.040
0.382/1.000/0.125  -0.026 ( 3720)  -0.026 (11597)  -0.041            -0.052 +0.023 -0.015 -0.045 -0.071 -0.024 -0.009 -0.022 -0.003
0.382/1.000/0.250  -0.037 ( 3732)  -0.021 (11568)  -0.034            -0.066 +0.018 -0.023 -0.020 -0.068 -0.020 +0.016 -0.038 +0.008
0.382/1.000/0.382  -0.033 ( 3708)  -0.009 (11304)  -0.022            -0.052 +0.003 -0.014 -0.022 -0.064 +0.001 +0.044 -0.020 +0.017
0.382/1.000/0.618  -0.046 ( 3497)  -0.008 (10641)  -0.023            -0.066 -0.010 +0.031 -0.025 -0.066 -0.016 +0.024 -0.040 +0.034
0.500/0.786/0.000  -0.083 ( 1814)  -0.077 ( 6049)  -0.104            -0.105 -0.040 -0.087 -0.025 -0.188 -0.015 -0.119 -0.059 -0.045
0.500/0.786/0.125  -0.042 ( 2051)  -0.046 ( 6754)  -0.071            -0.076 +0.029 -0.077 +0.006 -0.175 +0.008 -0.038 -0.068 +0.017
0.500/0.786/0.250  -0.030 ( 2143)  -0.040 ( 7066)  -0.064            -0.056 +0.024 -0.026 -0.058 -0.158 +0.030 -0.003 -0.087 +0.023
0.500/0.786/0.382  -0.018 ( 2191)  -0.034 ( 7075)  -0.061            -0.010 -0.034 +0.013 -0.084 -0.111 +0.002 -0.037 -0.059 +0.018
0.500/0.786/0.618  -0.047 ( 2080)  -0.019 ( 6883)  -0.043            -0.048 -0.045 +0.027 -0.051 -0.042 -0.003 +0.017 -0.077 +0.006
0.500/0.886/0.000  -0.076 ( 2545)  -0.041 ( 8029)  -0.066            -0.097 -0.036 -0.019 -0.020 -0.072 -0.078 -0.082 -0.015 -0.024
0.500/0.886/0.125  -0.061 ( 2761)  -0.027 ( 8767)  -0.050            -0.083 -0.017 +0.020 -0.010 -0.044 -0.057 -0.057 -0.034 -0.013
0.500/0.886/0.250  -0.057 ( 2828)  -0.027 ( 8974)  -0.049            -0.079 -0.014 -0.025 -0.012 -0.049 -0.015 -0.022 -0.067 +0.004 ← сейчас
0.500/0.886/0.382  -0.038 ( 2808)  -0.018 ( 8883)  -0.041            -0.046 -0.024 -0.020 -0.011 -0.020 -0.038 -0.011 -0.049 +0.012
0.500/0.886/0.618  -0.053 ( 2704)  -0.004 ( 8490)  -0.035            -0.062 -0.037 +0.046 +0.006 -0.039 -0.044 +0.024 -0.048 +0.030
0.500/1.000/0.000  -0.053 ( 2843)  -0.034 ( 8863)  -0.054            -0.088 +0.015 -0.015 -0.030 -0.069 -0.040 -0.028 -0.033 -0.025
0.500/1.000/0.125  -0.027 ( 3049)  -0.021 ( 9540)  -0.039            -0.037 -0.007 -0.007 -0.045 -0.075 -0.029 +0.011 -0.004 -0.003
0.500/1.000/0.250  -0.025 ( 3101)  -0.010 ( 9621)  -0.027            -0.027 -0.019 -0.047 -0.014 -0.053 +0.005 +0.022 -0.036 +0.045
0.500/1.000/0.382  -0.023 ( 3064)  -0.005 ( 9506)  -0.023            -0.016 -0.037 -0.038 -0.014 -0.040 +0.012 +0.042 -0.028 +0.036
0.500/1.000/0.618  -0.048 ( 2928)  +0.014 ( 8915)  -0.010            -0.057 -0.031 +0.052 +0.016 -0.015 +0.030 +0.038 -0.042 +0.040
0.618/0.786/0.000  -0.216 (  559)  -0.077 ( 1973)  -0.091            -0.173 -0.324 -0.008 -0.314 -0.234 -0.093 -0.162 -0.056 +0.053
0.618/0.786/0.125  -0.154 (  668)  -0.034 ( 2386)  -0.044            -0.072 -0.342 +0.064 -0.217 -0.198 -0.079 -0.069 +0.045 +0.050
0.618/0.786/0.250  -0.147 (  741)  -0.032 ( 2634)  -0.044            -0.100 -0.254 +0.078 -0.123 -0.188 +0.006 -0.035 -0.027 +0.017
0.618/0.786/0.382  -0.172 (  766)  -0.030 ( 2738)  -0.039            -0.070 -0.411 +0.101 -0.155 -0.100 -0.004 -0.050 -0.041 -0.001
0.618/0.786/0.618  -0.173 (  763)  +0.019 ( 2739)  +0.006            -0.070 -0.390 +0.081 -0.165 -0.041 +0.028 -0.058 +0.030 +0.098
0.618/0.886/0.000  -0.085 ( 1322)  -0.067 ( 4405)  -0.088            -0.078 -0.101 -0.058 -0.005 -0.184 +0.090 -0.127 -0.065 -0.062
0.618/0.886/0.125  -0.046 ( 1516)  -0.026 ( 5014)  -0.047            -0.031 -0.078 -0.032 +0.014 -0.136 +0.047 -0.052 -0.059 +0.039
0.618/0.886/0.250  -0.046 ( 1574)  -0.028 ( 5330)  -0.050            -0.048 -0.040 -0.003 -0.041 -0.132 +0.131 +0.020 -0.076 -0.025
0.618/0.886/0.382  -0.033 ( 1644)  -0.028 ( 5444)  -0.048            -0.012 -0.074 +0.048 -0.051 -0.102 +0.138 +0.000 -0.077 -0.060
0.618/0.886/0.618  -0.027 ( 1596)  -0.005 ( 5294)  -0.017            -0.025 -0.030 -0.011 -0.018 -0.078 +0.099 +0.001 +0.005 -0.010
0.618/1.000/0.000  -0.057 ( 1975)  -0.034 ( 6307)  -0.060            -0.081 -0.009 -0.078 +0.049 -0.125 -0.061 -0.014 +0.019 -0.039
0.618/1.000/0.125  -0.037 ( 2180)  -0.009 ( 7087)  -0.038            -0.062 +0.014 -0.046 +0.033 -0.085 -0.107 +0.013 +0.029 +0.045
0.618/1.000/0.250  -0.056 ( 2249)  +0.006 ( 7298)  -0.016            -0.088 +0.007 -0.072 +0.068 -0.076 -0.030 +0.092 -0.030 +0.077
0.618/1.000/0.382  -0.053 ( 2247)  +0.007 ( 7254)  -0.017            -0.051 -0.057 -0.062 +0.061 -0.017 -0.051 +0.091 -0.009 +0.034
0.618/1.000/0.618  -0.049 ( 2184)  -0.004 ( 6986)  -0.021            -0.053 -0.041 -0.057 +0.053 -0.013 -0.096 -0.058 -0.009 +0.081

ВЫБРАНО НА ОТБОРЕ: глубина 0.5, стоп 0.786, цель 0.382 — отбор -0.018 против текущей -0.057
ПРИЁМКА: R на сделку выше текущей в каждой проверочной ячейке
   замер  mid2: +0.013 против -0.025 — выше
   замер  12m : -0.084 против -0.012 — НЕ выше
   другие bear: -0.111 против -0.049 — НЕ выше
   другие mid1: +0.002 против -0.015 — выше
   другие mid2: -0.037 против -0.022 — НЕ выше
   другие 12m : -0.059 против -0.067 — выше
   2021   y21 : +0.018 против +0.004 — выше
   проверка насквозь: -0.061 [-0.097; -0.024] — ≤ 0
   ИТОГ: не принята

Для понимания — пул F3 (шорты против толпы, как в боте): выбранная против текущей
   замер  bear: +0.019 (779) против +0.026 (1048)
   замер  mid1: +0.106 (330) против +0.080 (470)
   замер  mid2: +0.165 (389) против +0.050 (551)
   замер  12m : +0.076 (348) против +0.068 (554)
   другие bear: -0.032 (578) против -0.035 (760)
   другие mid1: -0.041 (413) против +0.057 (590)
   другие mid2: +0.047 (450) против -0.011 (609)
   другие 12m : +0.088 (655) против +0.022 (906)
   2021   y21 : +0.000 (817) против -0.043 (1007)
